1 1
1 2
1 3
3 1
2 1
1 1
999999 1000000
1000000 999999
1 1000000
1000000 1
652000 139142
464047 827118
662918 564980
94750 846770
307951 909774
866578 965270
576760 467809
907634 283555
663699 866474
348528 187761
548474 689366
497144 976526
187054 346158
9934 822554
814428 919663
384986 705447
712103 751427
649294 205695
858286 456324
390895 255389
354599 748058
871211 713720
125754 488649
396854 883582
584448 459323
656615 82565
880328 38032
554992 485833
172891 566147
581458 898389
991422 422017
430073 226847
533022 956059
182715 511218
397407 11203
978200 694548
885066 906250
797422 426325
551168 1094
750130 557893
796921 695534
645838 563133
204999 608155
288451 45879
903922 672649
389200 698852
613451 689799
661645 797527
948216 763271
881774 960707
729440 298482
769074 335311
162884 53264
171385 155554
274536 399964
848512 799174
116916 338193
467349 490749
715527 804879
76627 340257
276411 128848
914020 673208
677830 137074
882567 722
223464 443367
840985 815001
705235 121717
907816 277521
956788 435322
568386 940587
193532 637215
307715 972308
981260 972657
859746 225375
949490 688756
506551 442665
869004 79635
878408 120875
37840 872311
739203 986912
33532 924092
378500 450733
945969 799501
384575 261133
932481 85523
621721 163010
283353 10827
413131 195241
130803 593669
20750 419216
251984 402659
439272 127291
648349 435866
282861 729305
726625 550874
658987 797577
694321 453058
27291 440733
248624 409747
268258 982298
612562 317047
885416 390408
612529 288478
644270 286285
365626 434424
821963 527420
445827 659621
303682 373532
839896 935669
432974 373006
640725 423162
347204 693214
890909 252062
933494 412040
669798 795239
581451 324168
361853 242351
963872 809979
174429 315474
197493 1913
923309 766122
210177 282614
286679 522492
220254 402390
804013 64538
735139 754042
42069 15611
458761 126326
167727 975926
677101 664483
332042 542435
56918 182361
182939 156956
982683 510417
861071 652957
214705 626321
675022 321630
310563 249864
355179 405194
38638 151713
414016 201141
21347 953018
498354 171961
156702 744181
23707 460152
942592 326435
121238 889477
251122 474132
884956 175801
288412 71264
433096 481968
611419 958677
356535 40476
808974 38042
992215 382998
301886 686837
907475 697345
601198 486718
209025 456315
5318 222206
216413 986155
101496 544652
501082 252416
409976 335219
653724 988050
549216 86144
592492 47589
123694 309094
960466 988662
564093 965281
14959 219095
386913 536635
845854 1127
93864 556161
444225 129630
526786 873979
912712 507261
786375 354260
119978 86375
67818 659125